usuario;nombre;apellidos;pais_code
amoran;Albert;Moran Lopez;es
covid19;Corona;Virus;cn